1 0.216095 0.303309 0.145588 0.046814
1 0.268873 0.394608 0.055065 0.216176
1 0.248856 0.608578 0.029739 0.120343
1 0.279984 0.653125 0.104085 0.031250
1 0.319363 0.561765 0.173693 0.040196
1 0.380310 0.646998 0.040033 0.203799
1 0.256209 0.728860 0.264379 0.051348
1 0.515523 0.694363 0.049020 0.120343
1 0.386275 0.434191 0.046078 0.083578
1 0.442647 0.404657 0.138235 0.042402
1 0.504330 0.478738 0.041667 0.177083
1 0.590441 0.535049 0.056373 0.247304
1 0.648366 0.571201 0.139542 0.065686
1 0.697386 0.651961 0.231699 0.028922
1 0.844444 0.663113 0.062418 0.144853
1 0.916503 0.732230 0.072876 0.100245
1 0.918709 0.651471 0.148529 0.038971
1 0.808088 0.550061 0.141013 0.030025
1 0.840768 0.516115 0.072712 0.082475
1 0.817729 0.468689 0.258333 0.047917
1 0.704085 0.449755 0.072876 0.081373
1 0.941748 0.571814 0.108333 0.077941
1 0.775408 0.601838 0.063889 0.126961
1 0.314951 0.929596 0.429248 0.140809
1 0.167157 0.257659 0.059477 0.501348
1 0.144036 0.758578 0.060948 0.482843
1 0.957925 0.512194 0.084150 0.972672
1 0.732353 0.956740 0.473856 0.059069
