0 0.159180 0.129883 0.039062 0.185547
0 0.238281 0.279297 0.289062 0.042969
0 0.253418 0.336914 0.045898 0.144531
0 0.171387 0.518066 0.038086 0.350586
0 0.217285 0.455566 0.127930 0.036133
0 0.333984 0.416016 0.037109 0.142578
0 0.384277 0.362793 0.124023 0.047852
0 0.439453 0.339844 0.035156 0.191406
0 0.566406 0.259766 0.281250 0.039062
0 0.586914 0.108887 0.037109 0.163086
0 0.750000 0.178223 0.146484 0.157227
0 0.743652 0.360840 0.041992 0.106445
0 0.707031 0.484375 0.224609 0.035156
0 0.505859 0.527344 0.035156 0.398438
0 0.242676 0.541504 0.190430 0.040039
0 0.322754 0.645020 0.036133 0.227539
0 0.388184 0.641602 0.168945 0.041016
0 0.413086 0.702148 0.046875 0.154297
0 0.199219 0.850586 0.111328 0.099609
0 0.869141 0.510254 0.048828 0.956055
0 0.929199 0.500000 0.038086 0.998047
0 0.512695 0.966309 0.746094 0.045898
0 0.089355 0.500977 0.043945 0.998047
0 0.508789 0.054688 0.734375 0.048828
0 0.470215 0.112305 0.028320 0.158203
0 0.368652 0.169434 0.038086 0.266602
0 0.228516 0.203125 0.167969 0.041016
0 0.268066 0.131348 0.092773 0.041992
0 0.295410 0.169922 0.032227 0.103516
0 0.562988 0.558594 0.110352 0.035156
0 0.583496 0.605469 0.028320 0.109375
0 0.595703 0.710449 0.175781 0.024414
0 0.354980 0.826660 0.104492 0.049805
0 0.418945 0.854004 0.105469 0.040039
0 0.797852 0.891113 0.105469 0.040039
0 0.564453 0.899902 0.105469 0.040039
0 0.497070 0.880371 0.105469 0.040039
0 0.731445 0.857910 0.105469 0.040039
0 0.646484 0.830566 0.105469 0.040039
0 0.572266 0.811035 0.105469 0.040039
0 0.520508 0.788574 0.105469 0.040039
0 0.448242 0.766113 0.105469 0.040039
0 0.640625 0.929688 0.130859 0.048828
0 0.739258 0.725098 0.039062 0.188477
0 0.800781 0.711426 0.150391 0.040039
