1 0.876389 0.502941 0.090686 0.994118
1 0.415196 0.519975 0.062418 0.257353
1 0.530310 0.421936 0.063889 0.083578
1 0.647631 0.446446 0.286765 0.041176
1 0.687010 0.489338 0.053431 0.095833
1 0.507271 0.641973 0.225654 0.037868
1 0.342402 0.675919 0.053431 0.101348
1 0.239134 0.627512 0.090686 0.160417
1 0.127042 0.693811 0.178268 0.045711
1 0.128513 0.346752 0.139706 0.031250
1 0.161928 0.411336 0.051961 0.167034
1 0.243627 0.445343 0.072876 0.083578
1 0.287418 0.401900 0.154575 0.027819
1 0.332026 0.474326 0.059477 0.168260
1 0.696650 0.658088 0.055065 0.154902
1 0.775408 0.656985 0.185784 0.059069
1 0.783578 0.750000 0.041667 0.124755
1 0.785784 0.557292 0.037255 0.089093
1 0.821487 0.520527 0.105392 0.026838
1 0.468709 0.538358 0.142647 0.024510
1 0.516912 0.558946 0.063889 0.065686
1 0.183497 0.549510 0.166340 0.028922
1 0.081699 0.516605 0.069935 0.364338
1 0.186438 0.880944 0.326797 0.168260
