0 0.097304 0.512377 0.059314 0.975245
0 0.265850 0.905086 0.141176 0.189828
0 0.325327 0.832475 0.191503 0.100245
0 0.398856 0.897855 0.068301 0.204289
0 0.352042 0.500490 0.542320 0.057843
0 0.243627 0.620221 0.072876 0.284069
0 0.487990 0.336152 0.050490 0.348775
0 0.603595 0.191299 0.792810 0.083578
0 0.538971 0.068750 0.922059 0.092402
0 0.245098 0.268199 0.072876 0.250613
0 0.316422 0.360662 0.218464 0.065686
0 0.396650 0.311642 0.069771 0.134804
0 0.361029 0.269301 0.129248 0.063603
0 0.714461 0.313909 0.200490 0.050123
0 0.647631 0.361826 0.060948 0.123652
0 0.766503 0.406863 0.289542 0.046814
0 0.712990 0.481556 0.069771 0.164828
0 0.868954 0.569547 0.084641 0.354289
0 0.914788 0.704902 0.170425 0.063480
0 0.914788 0.605760 0.170425 0.054657
0 0.920997 0.273223 0.087745 0.180515
0 0.688480 0.807047 0.086111 0.385907
0 0.788725 0.819669 0.206536 0.099142
0 0.861520 0.849142 0.058007 0.144853
0 0.839052 0.959130 0.321895 0.081740
0 0.969036 0.890074 0.061928 0.219853
0 0.565196 0.738848 0.089216 0.267402
0 0.491748 0.629167 0.197549 0.059069
0 0.407761 0.683762 0.068464 0.148162
