0 0.095833 0.513848 0.053431 0.937990
0 0.491667 0.951103 0.871895 0.059069
0 0.921732 0.508272 0.098039 0.953554
0 0.491748 0.059314 0.851144 0.064706
0 0.744199 0.100490 0.360948 0.100245
0 0.175327 0.264890 0.081699 0.096936
0 0.161928 0.330576 0.185621 0.043505
0 0.242892 0.326654 0.044608 0.138113
0 0.136601 0.410233 0.117320 0.080270
0 0.238399 0.464216 0.059477 0.085784
0 0.278513 0.503799 0.264542 0.026716
0 0.384804 0.536703 0.049020 0.079044
0 0.404003 0.328922 0.221405 0.028922
0 0.312663 0.393566 0.041667 0.131495
0 0.444853 0.411887 0.142647 0.061275
0 0.499837 0.445833 0.059477 0.245098
0 0.594199 0.493260 0.042974 0.165931
0 0.653595 0.554473 0.141176 0.045711
0 0.704820 0.526103 0.047549 0.093627
0 0.808824 0.568444 0.062418 0.176103
0 0.863072 0.640319 0.144118 0.041176
0 0.790278 0.371262 0.093627 0.109191
0 0.709314 0.343934 0.062418 0.177083
0 0.797712 0.262623 0.242157 0.043382
